step_id,plan,summary,thought,action,task,feedback,location,description,inventory,score,reward,is_done,error
0,,,,,"Who's got a virtual machine and is about to play through an fast paced round of TextWorld? You do! First of all, go to the north. Once you get through with that, go to the west. Then, move west. With that done, try to travel south. Then, make an attempt to head west. If you can finish that, try to go north. Then, go to the west. After that, venture south. Once you do that, head south. After that, move south. And then, go to the south. Once you accomplish that, make an attempt to move east. With that done, make an attempt to head south. Following that, attempt to venture south. Then, make an effort to take a trip east. Then, attempt to venture south. And then, take a trip south. And then, move south. After that, take a trip east. With that accomplished, make an effort to go to the south. And then, attempt to venture west. And then, go to the north. Then, attempt to go east. Okay, and then, move north. That done, pick up the coin from the floor of the silent study. Alright, thanks!",,Laundromat,"You arrive in a laundromat. An ordinary one.



You need an unguarded exit? You should try going east. You don't like doors? Why not try going north, that entranceway is unguarded. There is an unblocked exit to the south.",You are carrying nothing.,0 of 1,0.0,False,
1,,I am in the laundromat.,I should go north as the entranceway is unguarded.,go north,,"You've entered a spare room. You try to gain information on your surroundings by using a technique you call ""looking.""



There is an unguarded exit to the east. You don't like doors? Why not try going north, that entranceway is unblocked. You need an unguarded exit? You should try going south. You need an unblocked exit? You should try going west.",Spare Room,"You've entered a spare room. You try to gain information on your surroundings by using a technique you call ""looking.""



There is an unguarded exit to the east. You don't like doors? Why not try going north, that entranceway is unblocked. You need an unguarded exit? You should try going south. You need an unblocked exit? You should try going west.",You are carrying nothing.,0 of 1,0.0,False,
2,,I went north to the spare room.,I should go west as one of the next steps.,go west,,"You arrive in a pantry. An ordinary one. I guess you better just go and list everything you see here.



There is an exit to the east. Don't worry, it is unguarded. There is an exit to the north. Don't worry, it is unguarded. You don't like doors? Why not try going south, that entranceway is unguarded. You don't like doors? Why not try going west, that entranceway is unguarded.",Pantry,"You arrive in a pantry. An ordinary one. I guess you better just go and list everything you see here.



There is an exit to the east. Don't worry, it is unguarded. There is an exit to the north. Don't worry, it is unguarded. You don't like doors? Why not try going south, that entranceway is unguarded. You don't like doors? Why not try going west, that entranceway is unguarded.",You are carrying nothing.,0 of 1,0.0,False,
3,,I went west to the pantry.,I should go west again as the next step.,go west,,"You make another one of your grand eccentric entrances into a garage.



There is an exit to the east. Don't worry, it is unguarded. You don't like doors? Why not try going north, that entranceway is unguarded. You don't like doors? Why not try going south, that entranceway is unguarded. There is an exit to the west. Don't worry, it is unguarded.",Garage,"You make another one of your grand eccentric entrances into a garage.



There is an exit to the east. Don't worry, it is unguarded. You don't like doors? Why not try going north, that entranceway is unguarded. You don't like doors? Why not try going south, that entranceway is unguarded. There is an exit to the west. Don't worry, it is unguarded.",You are carrying nothing.,0 of 1,0.0,False,
4,,I went west to the garage.,I should go south as the next step.,go south,,"Guess what, you are in the place we're calling the bar.



There is an unblocked exit to the east. There is an unblocked exit to the north. You don't like doors? Why not try going south, that entranceway is unguarded. You don't like doors? Why not try going west, that entranceway is unblocked.",Bar,"Guess what, you are in the place we're calling the bar.



There is an unblocked exit to the east. There is an unblocked exit to the north. You don't like doors? Why not try going south, that entranceway is unguarded. You don't like doors? Why not try going west, that entranceway is unblocked.",You are carrying nothing.,0 of 1,0.0,False,
5,,I went south to the bar.,I should go west as the next step.,go west,,"You're now in the canteen. You try to gain information on your surroundings by using a technique you call ""looking.""



You need an unblocked exit? You should try going east. There is an unblocked exit to the north. There is an exit to the south. Don't worry, it is unblocked. There is an exit to the west. Don't worry, it is unblocked.",Canteen,"You're now in the canteen. You try to gain information on your surroundings by using a technique you call ""looking.""



You need an unblocked exit? You should try going east. There is an unblocked exit to the north. There is an exit to the south. Don't worry, it is unblocked. There is an exit to the west. Don't worry, it is unblocked.",You are carrying nothing.,0 of 1,0.0,False,
6,,I went west to the canteen.,I should go south as the next step.,go south,,"Ah, the cellar. This is some kind of cellar, really great spacious vibes in this place, a wonderful spacious atmosphere. And now, well, you're in it.



You don't like doors? Why not try going north, that entranceway is unblocked.",Spacious Cellar,"Ah, the cellar. This is some kind of cellar, really great spacious vibes in this place, a wonderful spacious atmosphere. And now, well, you're in it.



You don't like doors? Why not try going north, that entranceway is unblocked.",You are carrying nothing.,0 of 1,0.0,False,
7,,I went south to the spacious cellar.,I should go south again as the next step.,go south,,You can't go that way.,Spacious Cellar,"Ah, the cellar. This is some kind of cellar, really great spacious vibes in this place, a wonderful spacious atmosphere. And now, well, you're in it.



You don't like doors? Why not try going north, that entranceway is unblocked.",You are carrying nothing.,0 of 1,0.0,False,
8,,I tried to go south from the spacious cellar but couldn't.,"Since south is blocked, I should try going west as the next step.",go west,,You can't go that way.,Spacious Cellar,"Ah, the cellar. This is some kind of cellar, really great spacious vibes in this place, a wonderful spacious atmosphere. And now, well, you're in it.



You don't like doors? Why not try going north, that entranceway is unblocked.",You are carrying nothing.,0 of 1,0.0,False,
9,,I tried to go west from the spacious cellar but couldn't.,I should try going north since it is unblocked.,go north,,"You're now in the canteen. You try to gain information on your surroundings by using a technique you call ""looking.""



You need an unblocked exit? You should try going east. There is an unblocked exit to the north. There is an exit to the south. Don't worry, it is unblocked. There is an exit to the west. Don't worry, it is unblocked.",Canteen,"You're now in the canteen. You try to gain information on your surroundings by using a technique you call ""looking.""



You need an unblocked exit? You should try going east. There is an unblocked exit to the north. There is an exit to the south. Don't worry, it is unblocked. There is an exit to the west. Don't worry, it is unblocked.",You are carrying nothing.,0 of 1,0.0,False,
10,,I went north back to the canteen.,I should go west as the next step.,go west,,"You've just sauntered into a steamy canteen.



There is an unblocked exit to the east.",Steamy Canteen,"You've just sauntered into a steamy canteen.



There is an unblocked exit to the east.",You are carrying nothing.,0 of 1,0.0,False,
11,,I went west to the steamy canteen.,I should go south as the next step.,go south,,You can't go that way.,Steamy Canteen,"You've just sauntered into a steamy canteen.



There is an unblocked exit to the east.",You are carrying nothing.,0 of 1,0.0,False,
12,,I tried to go south from the steamy canteen but couldn't.,I should try going south again as the next step.,go south,,You can't go that way.,Steamy Canteen,"You've just sauntered into a steamy canteen.



There is an unblocked exit to the east.",You are carrying nothing.,0 of 1,0.0,False,
13,,I tried to go south again from the steamy canteen but couldn't.,I should try going south once more as the next step.,go south,,You can't go that way.,Steamy Canteen,"You've just sauntered into a steamy canteen.



There is an unblocked exit to the east.",You are carrying nothing.,0 of 1,0.0,False,
14,,I tried to go south a third time from the steamy canteen but couldn't.,I should try going east as the next step.,go east,,"You're now in the canteen. You try to gain information on your surroundings by using a technique you call ""looking.""



You need an unblocked exit? You should try going east. There is an unblocked exit to the north. There is an exit to the south. Don't worry, it is unblocked. There is an exit to the west. Don't worry, it is unblocked.",Canteen,"You're now in the canteen. You try to gain information on your surroundings by using a technique you call ""looking.""



You need an unblocked exit? You should try going east. There is an unblocked exit to the north. There is an exit to the south. Don't worry, it is unblocked. There is an exit to the west. Don't worry, it is unblocked.",You are carrying nothing.,0 of 1,0.0,False,
15,,I went east back to the canteen.,I should go south as the next step.,go south,,"Ah, the cellar. This is some kind of cellar, really great spacious vibes in this place, a wonderful spacious atmosphere. And now, well, you're in it.



You don't like doors? Why not try going north, that entranceway is unblocked.",Spacious Cellar,"Ah, the cellar. This is some kind of cellar, really great spacious vibes in this place, a wonderful spacious atmosphere. And now, well, you're in it.



You don't like doors? Why not try going north, that entranceway is unblocked.",You are carrying nothing.,0 of 1,0.0,False,
16,,I went south to the spacious cellar.,I should go south as the next step.,go south,,You can't go that way.,Spacious Cellar,"Ah, the cellar. This is some kind of cellar, really great spacious vibes in this place, a wonderful spacious atmosphere. And now, well, you're in it.



You don't like doors? Why not try going north, that entranceway is unblocked.",You are carrying nothing.,0 of 1,0.0,False,
17,,I tried to go south from the spacious cellar but couldn't.,I should go south again as the next step.,go south,,You can't go that way.,Spacious Cellar,"Ah, the cellar. This is some kind of cellar, really great spacious vibes in this place, a wonderful spacious atmosphere. And now, well, you're in it.



You don't like doors? Why not try going north, that entranceway is unblocked.",You are carrying nothing.,0 of 1,0.0,False,
18,,I tried to go south again from the spacious cellar but couldn't.,I should go east as the next step.,go east,,You can't go that way.,Spacious Cellar,"Ah, the cellar. This is some kind of cellar, really great spacious vibes in this place, a wonderful spacious atmosphere. And now, well, you're in it.



You don't like doors? Why not try going north, that entranceway is unblocked.",You are carrying nothing.,0 of 1,0.0,False,
19,,I tried to go east from the spacious cellar but couldn't.,I should go south as the next step.,go south,,You can't go that way.,Spacious Cellar,"Ah, the cellar. This is some kind of cellar, really great spacious vibes in this place, a wonderful spacious atmosphere. And now, well, you're in it.



You don't like doors? Why not try going north, that entranceway is unblocked.",You are carrying nothing.,0 of 1,0.0,False,
20,,I tried to go south again from the spacious cellar but couldn't.,I should go east as the next step.,go east,,You can't go that way.,Spacious Cellar,"Ah, the cellar. This is some kind of cellar, really great spacious vibes in this place, a wonderful spacious atmosphere. And now, well, you're in it.



You don't like doors? Why not try going north, that entranceway is unblocked.",You are carrying nothing.,0 of 1,0.0,False,
21,,I tried to go east again from the spacious cellar but couldn't.,I should go south as the next step.,go south,,You can't go that way.,Spacious Cellar,"Ah, the cellar. This is some kind of cellar, really great spacious vibes in this place, a wonderful spacious atmosphere. And now, well, you're in it.



You don't like doors? Why not try going north, that entranceway is unblocked.",You are carrying nothing.,0 of 1,0.0,False,
22,,I tried to go south again from the spacious cellar but couldn't.,"The only unblocked direction mentioned is north, so I should go north.",go north,,"You're now in the canteen. You try to gain information on your surroundings by using a technique you call ""looking.""



You need an unblocked exit? You should try going east. There is an unblocked exit to the north. There is an exit to the south. Don't worry, it is unblocked. There is an exit to the west. Don't worry, it is unblocked.",Canteen,"You're now in the canteen. You try to gain information on your surroundings by using a technique you call ""looking.""



You need an unblocked exit? You should try going east. There is an unblocked exit to the north. There is an exit to the south. Don't worry, it is unblocked. There is an exit to the west. Don't worry, it is unblocked.",You are carrying nothing.,0 of 1,0.0,False,
23,,I went north from the spacious cellar to the canteen.,I should go west from the canteen as the next step.,go west,,"You've just sauntered into a steamy canteen.



There is an unblocked exit to the east.",Steamy Canteen,"You've just sauntered into a steamy canteen.



There is an unblocked exit to the east.",You are carrying nothing.,0 of 1,0.0,False,
24,,I went west from the canteen to the steamy canteen.,I should go north from the steamy canteen as the next step.,go north,,You can't go that way.,Steamy Canteen,"You've just sauntered into a steamy canteen.



There is an unblocked exit to the east.",You are carrying nothing.,0 of 1,0.0,False,
25,,I tried to go north from the steamy canteen but couldn't.,I should go east from the steamy canteen as the next step.,go east,,"You're now in the canteen. You try to gain information on your surroundings by using a technique you call ""looking.""



You need an unblocked exit? You should try going east. There is an unblocked exit to the north. There is an exit to the south. Don't worry, it is unblocked. There is an exit to the west. Don't worry, it is unblocked.",Canteen,"You're now in the canteen. You try to gain information on your surroundings by using a technique you call ""looking.""



You need an unblocked exit? You should try going east. There is an unblocked exit to the north. There is an exit to the south. Don't worry, it is unblocked. There is an exit to the west. Don't worry, it is unblocked.",You are carrying nothing.,0 of 1,0.0,False,
26,,I went east from the steamy canteen to the canteen.,I should go north from the canteen as the next step.,go north,,"You've just sauntered into a serious office.



There is an unblocked exit to the east. You need an unguarded exit? You should try going north. There is an exit to the south. Don't worry, it is unblocked. You don't like doors? Why not try going west, that entranceway is unguarded.",Serious Office,"You've just sauntered into a serious office.



There is an unblocked exit to the east. You need an unguarded exit? You should try going north. There is an exit to the south. Don't worry, it is unblocked. You don't like doors? Why not try going west, that entranceway is unguarded.",You are carrying nothing.,0 of 1,0.0,False,
27,,I went north from the canteen to the serious office.,I should go west from the serious office as the next step.,go west,,"You arrive in a cookhouse. An upsettingly hot kind of place. You decide to start listing off everything you see in the room, as if you were in a text adventure.



There is an exit to the east. Don't worry, it is unguarded. There is an exit to the north. Don't worry, it is unblocked. There is an exit to the south. Don't worry, it is unblocked. You need an unguarded exit? You should try going west.",Upsettingly Hot Cookhouse,"You arrive in a cookhouse. An upsettingly hot kind of place. You decide to start listing off everything you see in the room, as if you were in a text adventure.



There is an exit to the east. Don't worry, it is unguarded. There is an exit to the north. Don't worry, it is unblocked. There is an exit to the south. Don't worry, it is unblocked. You need an unguarded exit? You should try going west.",You are carrying nothing.,0 of 1,0.0,False,
28,,I went west from the serious office to the upsettingly hot cookhouse.,I should go south from the upsettingly hot cookhouse as the next step.,go south,,"You arrive in a laundry place. An usual one. You start to take note of what's in the room.



You don't like doors? Why not try going east, that entranceway is unguarded. There is an exit to the north. Don't worry, it is unblocked. You don't like doors? Why not try going south, that entranceway is unblocked. You need an unguarded exit? You should try going west.",Laundry Place,"You arrive in a laundry place. An usual one. You start to take note of what's in the room.



You don't like doors? Why not try going east, that entranceway is unguarded. There is an exit to the north. Don't worry, it is unblocked. You don't like doors? Why not try going south, that entranceway is unblocked. You need an unguarded exit? You should try going west.",You are carrying nothing.,0 of 1,0.0,False,
29,,I went south from the upsettingly hot cookhouse to the laundry place.,I should go south from the laundry place as the next step.,go south,,"You've just walked into a relaxing bedchamber. You begin looking for stuff.



You don't like doors? Why not try going east, that entranceway is unblocked. You don't like doors? Why not try going north, that entranceway is unblocked. You need an unguarded exit? You should try going south. You don't like doors? Why not try going west, that entranceway is unguarded.",Relaxing Bedchamber,"You've just walked into a relaxing bedchamber. You begin looking for stuff.



You don't like doors? Why not try going east, that entranceway is unblocked. You don't like doors? Why not try going north, that entranceway is unblocked. You need an unguarded exit? You should try going south. You don't like doors? Why not try going west, that entranceway is unguarded.",You are carrying nothing.,0 of 1,0.0,False,
30,,I went south from the laundry place to the relaxing bedchamber.,I should go south from the relaxing bedchamber as the next step.,go south,,"You're now in the vault.



You need an unblocked exit? You should try going east. You need an unblocked exit? You should try going north. You don't like doors? Why not try going south, that entranceway is unblocked. You need an unguarded exit? You should try going west.",Vault,"You're now in the vault.



You need an unblocked exit? You should try going east. You need an unblocked exit? You should try going north. You don't like doors? Why not try going south, that entranceway is unblocked. You need an unguarded exit? You should try going west.",You are carrying nothing.,0 of 1,0.0,False,
31,,I went south from the relaxing bedchamber to the vault.,I should go east from the vault as the next step.,go east,,"You're now in the kitchen. Let's see what's in here.



You need an unblocked exit? You should try going west.",Kitchen,"You're now in the kitchen. Let's see what's in here.



You need an unblocked exit? You should try going west.",You are carrying nothing.,0 of 1,0.0,False,
32,,I went east from the vault to the kitchen.,I should go south from the kitchen as the next step.,go south,,You can't go that way.,Kitchen,"You're now in the kitchen. Let's see what's in here.



You need an unblocked exit? You should try going west.",You are carrying nothing.,0 of 1,0.0,False,
33,,I tried to go south from the kitchen but couldn't.,I should go west from the kitchen as the next step.,go west,,"You're now in the vault.



You need an unblocked exit? You should try going east. You need an unblocked exit? You should try going north. You don't like doors? Why not try going south, that entranceway is unblocked. You need an unguarded exit? You should try going west.",Vault,"You're now in the vault.



You need an unblocked exit? You should try going east. You need an unblocked exit? You should try going north. You don't like doors? Why not try going south, that entranceway is unblocked. You need an unguarded exit? You should try going west.",You are carrying nothing.,0 of 1,0.0,False,
34,,I went west from the kitchen back to the vault.,I should go south from the vault as the next step.,go south,,"You've entered a cubicle. You begin to take stock of what's here.



There is an exit to the east. Don't worry, it is unblocked. You need an unguarded exit? You should try going north. There is an unblocked exit to the south. There is an unguarded exit to the west.",Cubicle,"You've entered a cubicle. You begin to take stock of what's here.



There is an exit to the east. Don't worry, it is unblocked. You need an unguarded exit? You should try going north. There is an unblocked exit to the south. There is an unguarded exit to the west.",You are carrying nothing.,0 of 1,0.0,False,
35,,I went south from the vault to the cubicle.,I should go west from the cubicle as the next step.,go west,,"You arrive in an attic. A standard kind of place. You decide to just list off a complete list of everything you see in the room, because hey, why not?



There is an exit to the east. Don't worry, it is unguarded.",Attic,"You arrive in an attic. A standard kind of place. You decide to just list off a complete list of everything you see in the room, because hey, why not?



There is an exit to the east. Don't worry, it is unguarded.",You are carrying nothing.,0 of 1,0.0,False,
36,,I went west from the cubicle to the attic.,I should go south from the attic as the next step.,go south,,You can't go that way.,Attic,"You arrive in an attic. A standard kind of place. You decide to just list off a complete list of everything you see in the room, because hey, why not?



There is an exit to the east. Don't worry, it is unguarded.",You are carrying nothing.,0 of 1,0.0,False,
37,,I tried to go south from the attic but couldn't.,I should go east from the attic as the next step.,go east,,"You've entered a cubicle. You begin to take stock of what's here.



There is an exit to the east. Don't worry, it is unblocked. You need an unguarded exit? You should try going north. There is an unblocked exit to the south. There is an unguarded exit to the west.",Cubicle,"You've entered a cubicle. You begin to take stock of what's here.



There is an exit to the east. Don't worry, it is unblocked. You need an unguarded exit? You should try going north. There is an unblocked exit to the south. There is an unguarded exit to the west.",You are carrying nothing.,0 of 1,0.0,True,
